2.88694e-05
5.78e-06
5.45833e-06
5.16889e-06
3.48333e-06
3.49167e-06
4.43444e-06
3.66444e-06
5.22389e-06
2.00483e-05
3.28e-06
4.24333e-06
3.18667e-06
3.34722e-06
3.205e-06
4.785e-06
3.07e-06
3.21722e-06
4.91833e-06
2.99278e-06
3.15111e-06
3.26667e-06
3.18556e-06
3.10556e-06
3.87e-06
3.40222e-06
3.28278e-06
3.33611e-06
3.20278e-06
3.30056e-06
4.74222e-06
3.18944e-06
3.19056e-06
3.32667e-06
3.23556e-06
3.28389e-06
3.01556e-06
3.28278e-06
3.25222e-06
4.06389e-06
3.04389e-06
3.46044e-05
3.01556e-06
3e-06
4.65778e-06
3.41889e-06
3.29611e-06
3.25111e-06
3.02389e-06
3.5e-06
3.31556e-06
3.25222e-06
3.60222e-06
3.33667e-06
3.54722e-06
3.24667e-06
2.99778e-06
3.17e-06
3.22278e-06
4.89222e-06
3.07278e-06
3.51444e-06
3.34611e-06
4.98889e-06
3.15778e-06
4.67333e-06
3.12056e-06
3.105e-06
3.41e-06
3.94778e-06
4.11278e-06
4.28833e-06
3.155e-06
4.49889e-06
5.58222e-06
3.5e-06
3.16944e-06
3.48556e-06
4.53944e-06
4.69944e-06
4.37722e-06
4.54611e-06
4.72389e-06
5.29944e-06
4.21667e-06
4.08333e-06
3.57889e-06
3.705e-06
2.97278e-06
6.61611e-06
3.03389e-06
3.00444e-06
3.11e-06
3.55389e-06
2.98833e-06
3.19167e-06
3.21389e-06
3.24e-06
3.37722e-06
3.17611e-06
3.14389e-06
9.57056e-06
3.24556e-06
3.30278e-06
4.89278e-06
3.73672e-05
3.26889e-06
3.19056e-06
3.10333e-06
3.89889e-06
3.30167e-06
3.19944e-06
3.48556e-06
4.65444e-06
3.355e-06
3.40222e-06
5.07556e-06
3.81389e-06
5.20611e-06
3.47611e-06
3.15833e-06
3.67e-06
3.47056e-06
3.44167e-06
3.83333e-06
3.50778e-06
3.44278e-06
3.35611e-06
3.25111e-06
