2.66161e-05
6.575e-06
5.02389e-06
6.37944e-06
5.385e-06
5.58333e-06
4.87389e-06
5.11167e-06
5.36222e-06
5.385e-06
5.20889e-06
5.50222e-06
5.20833e-06
1.24517e-05
7.91444e-06
7.07333e-06
4.87278e-06
4.945e-06
5.275e-06
5.06056e-06
4.89333e-06
5.01667e-06
4.59556e-06
4.96889e-06
5.33222e-06
5.15444e-06
5.46722e-06
4.51833e-06
4.31e-06
7.42889e-06
4.29722e-06
4.80944e-06
4.07889e-06
4.31444e-06
3.99111e-06
4.19278e-06
4.46611e-06
4.19e-06
5.00556e-06
4.54167e-06
5.13556e-06
4.54278e-06
4.45e-06
4.37944e-06
7.49778e-06
4.80556e-06
5.06444e-06
4.07667e-06
3.98222e-06
4.38111e-06
3.49889e-06
4.1e-06
3.21389e-06
3.12722e-06
3.06056e-06
3.09222e-06
3.12722e-06
3.88667e-06
4.25222e-06
6.94278e-06
4.16333e-06
3.47944e-06
3.15667e-06
4.52722e-06
