3.65444e-06
3.67778e-06
3.31111e-06
3.99333e-06
3.545e-06
3.71667e-06
3.51556e-06
3.13833e-06
3.29278e-06
5.72667e-06
3.23e-06
1.68728e-05
3.16222e-06
3.22556e-06
3.50833e-06
3.68444e-06
3.73667e-06
3.68667e-06
3.85889e-06
3.72889e-06
4.25778e-06
4.37944e-06
4.11722e-06
4.25778e-06
6.375e-06
4.16333e-06
4.25444e-06
3.79278e-06
4.17111e-06
4.28556e-06
4.00056e-06
4.21389e-06
3.675e-06
4.06944e-06
3.93111e-06
3.96611e-06
4.64611e-06
3.14222e-06
3.51833e-06
7.60111e-06
3.98889e-06
3.68833e-06
4.19722e-06
4.23667e-06
4.34667e-06
4.10056e-06
4.16222e-06
4.30056e-06
3.97722e-06
4.06889e-06
1.03728e-05
4.16e-06
4.02333e-06
3.46389e-06
6.44167e-06
4.21056e-06
3.74e-06
3.50611e-06
4.22389e-06
3.82111e-06
3.93889e-06
3.76111e-06
4.61667e-06
3.92e-06
